0.007952144954219165
0.023779557196645925
0.015436948115848797
0.01042800169954678
0.012372204750223126
0.023541761624679455
0.023311100647842406
0.022166362894550817
0.016066898092166992
0.023303966052713
0.009525187451421497
0.020867061357663193
0.01275352218109216
0.009720570825841539
0.008112777873327598
0.01130452912241618
0.04174772997885214
0.014100479527896337
0.005822194282417526
0.01288103124652328
0.005373495347904044
0.018873721943474416
0.009244166134723534
0.018128172179263265
0.014830183896331452
0.013408047561729525
0.025007605163245326
0.013677493770291238
0.020453893755710675
0.009431860151743233
0.012882345637466831
0.0075593248158314095
0.011534056853806936
0.018871796249979474
0.014526136991259932
0.0071176804768017824
0.009151724473376307
0.01141638629164432
0.01368028523796501
0.007871820257711899
0.008195561321014616
0.009152658322812356
0.01085908556992178
0.00952907587815109
0.0111880585658114
0.01327396708611221
0.021944699265605314
0.009151724473376307
0.005319217617117126
0.02603076982087495
0.021082141574634804
0.01381706003325337
0.015126665616224033
0.012498451737470303
0.00576456050003617
0.0074844952137514305
0.013546246502601627
0.01085797761302249
0.019254970156085596
0.018494360324979874
0.008360258150647384
0.014978455319859975
0.01327396708611221
0.00795214495421916
0.009244166134723534
0.01012034468144811
0.003665459209711657
0.0110795689928801
0.013145250650476356
0.006184086075656288
