6.088172254302188e-05
0.00035976946585188063
0.00021512926971647034
4.739122989024409e-05
0.0001356744410982648
4.615088482547566e-05
8.08661742101576e-05
0.00010458060661724384
0.00042513098921125064
0.00021154394177083795
0.0007228357095635841
8.25025292531372e-05
0.000568342976055244
0.00016302405557433436
0.0004667254362015575
5.134746463818364e-05
0.0003034149042528072
0.0001901156633463568
0.00012192451201021075
0.0003549527942929226
7.027894697878249e-05
0.0001754636497126326
0.00019072589931840164
0.00025248165140953914
0.0003200540788756943
7.291057393106075e-05
0.00035375774711381977
0.0003731702290692183
2.7774330752381845e-05
4.629539555410315e-05
2.833857275937103e-05
0.0003287146593719048
0.00018759553243137607
7.315279096853502e-05
4.1465372905070054e-05
8.819011606729246e-05
6.957849753763654e-05
0.0001946136158843676
4.037379608012266e-05
0.00048425096501170827
3.751693097399902e-05
0.00019201235325776617
0.00015768658567533533
1.7696980834862668e-05
0.0002450347832221051
7.61441520758952e-05
0.0002129636997692997
0.00014457817524062905
0.00022241606962152325
0.0012709828284305034
0.00025164567546755374
0.00046209956569544106
0.00020325833992513014
0.00010850396474601875
3.0400309972202186e-05
2.778085774291524e-05
9.55704549051211e-05
3.532541286039042e-05
5.168918753598417e-05
0.0001702674651529514
9.46009789087049e-05
7.691499402225855e-05
0.0002450348200741903
0.00016358575397291527
6.337200921013151e-05
0.00042934829744690074
4.771302758805231e-05
