0.01327667619719986
0.004483340800721577
0.021075689174687325
0.007119133138765821
0.009918949822287285
0.01984027694303939
0.017589747337366953
0.022840217128263993
0.025007605163245326
0.0024280632538293398
0.009920974201040605
0.030272460413199795
0.013012470340875585
0.029076637681957593
0.00510805536933955
0.011885903241489616
0.019842342992913625
0.009057415303719018
0.010750494714222566
0.016724261409379135
0.010020163595984118
0.010966535120372203
0.016066898092167
0.003417493471541574
0.012004737896936742
0.0041770614192065516
0.01287577502369077
0.019060475508044305
0.023068572456220945
0.022387981062187826
0.038530358477451544
0.007714383852557645
0.0037398828790038297
0.0230756349847329
0.0057610203790484866
0.011888329059788644
0.00637403223629797
0.021942460239050277
0.009337541550225795
0.0038555412897841646
0.008112777873327596
0.013275321572549582
0.015274751815528885
0.003933021696808583
0.005212301397285259
0.006837913141518299
0.012122286592958048
0.016394793971598997
0.009059282812029055
0.009431860151743228
0.015751987873315117
0.013141227415251104
0.018496247504604883
0.007045065830141462
0.021290747227490275
0.003780358628096111
0.007047222703020716
0.014100479527896352
0.012124760655218655
0.024022205739468866
0.0029110392502507895
0.006701838670002077
0.01249845173747031
0.006906278248960289
0.01200351304866646
0.0072629392620426345
0.01590622911124533
0.004135282149476745
0.004574370779228225
0.003521744104959793