0.009818758409940953
0.013143909435227863
0.013821290177126444
0.009059282812029052
0.010326882328008288
0.01794689045747064
0.014101918352337971
0.012249732547894639
0.016396466909759357
0.02065839074408657
0.01153170332489322
0.013406679533205715
0.013821290177126438
0.022614122285038216
0.025767832751977245
0.014828670766661374
0.018315022217166778
0.0111880585658114
0.013141227415251096
0.012882345637466827
0.014827157791376526
0.011767044209074734
0.016898365256234792
0.012497176515376884
0.008617925415598634
0.016563777796593664
0.02151019444407184
0.01249207692798481
0.037763604343750264
0.015906229111245312
0.015129752848343399
0.01623250224066176
0.004094773437121766
0.029969735809067796
0.02024315730090881
0.008615287813469728
0.013009815141098594
0.007336302284891557
0.011417551229020995
0.0030904044897249005
0.007563182401388885
0.013012470340875581
0.016725967966665815
0.009529075878151098
0.016230846031882996
0.009722554717019787
0.014094725698018472
0.009432822586452597
0.016893193342807217
0.013408047561729516
0.011767044209074727
0.017589747337366953
0.018313153528031263
0.012750919819790733
0.021079990555190393
0.012879716989687604
0.009059282812029055
0.01367888943292084
0.02150361103426925
0.01925497015608558
0.013960899168814593
0.019647928730699624
0.014975367615197015
0.011769445769190754
0.021295092499631126
0.009720570825841547
0.009820762340424028
0.006374032236297969
0.022166362894550817
0.007792306921775405