0.017410296560964413
0.022166362894550817
0.016719142782172455
0.035909147780513864
0.01354348238558536
0.007263680378293871
0.023539359649205057
0.02045389375571068
0.020871320158888457
0.020453893755710672
0.025773091761658342
0.017584363819549576
0.009153592267539179
0.012499727089688417
0.012249732547894658
0.02024935481815357
0.026036082493920174
0.037763604343750264
0.031829325348866275
0.024755003090889297
0.015594467994581961
0.022387981062187843
0.02710132641699928
0.020038680964536027
0.017239711365353346
0.012497176515376884
0.02172303563665981
0.02150799975021976
0.024507453059980408
0.011646996707608033
0.02129291975271759
0.024017303998780767
0.009243222948708356
0.036634510718926996
0.020867061357663183
0.011885903241489616
0.01639646690975937
0.01776742155289591
0.010639732373785108
0.005706332616197418
0.01776742155289591
0.014527649657821556
0.03183257323920797
0.011301069258395358
0.022392550271025838
0.018126322554512787
0.021944699265605314
0.02194246023905029
0.025775721668980966
0.02172525227294927
0.01812817217926325
0.008968689983908764
0.027930902141504097
0.008969605156356112
0.02261412228503823
0.00704866098511362
0.007791511869543817
0.02107783975521535
0.016898365256234792
0.024017253728390836
0.006000412535123217
0.019249036690136775
0.03626816561173773
0.015750380691611887
0.013272612737873647
0.013821290177126444
0.014389712604426515
0.012127235222415697
0.01212847269539759
0.010219441665555851