0.009719579032062758
0.009819760324064418
0.008032469650726431
0.015589695151931537
0.005058523027131175
0.007793897269630201
0.014976927061996492
0.013540690490638855
0.028210153879035235
0.007867805252053503
0.01723795239061961
0.03347308759177374
0.021295092499631126
0.020042770699912765
0.011418716285268872
0.014680384058994756
0.015907852195848535
0.024752477327896632
0.011885903241489644
0.018875647833468637
0.007262198221407796
0.011078438539967839
0.014100479527896358
0.014238549429630924
0.010221505977722485
0.01200473789693675
0.02450245230438256
0.009919961960024273
0.05003151760942671
0.01043012997173872
0.011414056773455862
0.01249845173747031
0.012003513048666467
0.03215411438303837
0.007715171034583426
0.012748317989502172
0.010432258678294087
0.0194514494433926
0.011884690517967393
0.010222570385301118
0.008445566907286655
0.029370341092886446
0.013410784037575611
0.004096027067107075
0.0233087222068009
0.0021093697849024597
0.006060404354143147
0.011190341959563477
0.010748301071476795
0.014976927061996494
0.005592776597135088
0.023781983682074178
0.006122869933799201
0.010748301071476795
0.006061022762750726
0.006503450909394925
0.013139886610494927
0.014675890980860548
0.010747181923093665
0.04259537800107349
0.004956846765898151
0.012499727089688417
0.017593337264871767
0.0064351190300040205
0.007872623504676967
0.006701824642447477
0.005006915925149652
0.012004737896936747
0.007118406770727989
0.0018138109221529496