0.00844470520267414
0.022387981062187826
0.02194246023905029
0.030883962556679582
0.02215957865784174
0.023077989641363983
0.03414924223965737
0.013959474732617367
0.012249732547894639
0.049030887257238163
0.024760055390093655
0.03380774981726073
0.014972343223915068
0.0210799905551904
0.007637240014032075
0.022390265550051334
0.018875647833468637
0.02426485428229178
0.02709856125768725
0.01689491713804628
0.01165056247859287
0.013544864373583916
0.020455980887726585
0.030883962556679582
0.009722554717019787
0.02966701120493581
0.018131871994995115
0.02151019444407184
0.030266283305546
0.014529132071051944
0.011303375716730785
0.015743953604445672
0.008277500125831649
0.014678886213462765
0.025773091761658335
0.008361111238213781
0.005211769584062394
0.010011966669322957
0.010534409880154421
0.010641903858523344
0.011884690517967372
0.02284720974495036
0.018128172179263248
0.01905853076000758
0.01639312120412915
0.013141227415251103
0.008789316184230586
0.021077839755215346
0.037385968300312766
0.02683305093988571
0.024509953820496755
0.04010679495677788
0.03448714552840547
0.018307548604525537
0.016232502240661764
0.004907278298239167
0.012494626461511076
0.014828670766661391
0.009149837908859008
0.015750380691611863
0.010857977613022485
0.027377870564111534
0.03664198753113653
0.012127235222415692
0.02710409185847042
0.004483340800721577
0.0037024840502137926
0.01354486437358391
0.005263339515549997
0.01543379820041224