0.027651593120089055
0.011077308202396182
0.015907852195848535
0.033459358558048026
0.04390370851481501
0.02194246023905029
0.04092530097630398
0.013272612737873663
0.025260207235601337
0.03555005630270865
0.01639814001862772
0.023777130958792986
0.006503450909394925
0.01906242045452473
0.019846392657272335
0.022842547762664853
0.015430616629973077
0.04710368067368182
0.014678886213462769
0.01012034468144811
0.024507453059980408
0.027369491293439966
0.017241470519574326
0.008879909104792543
0.024757529111612896
0.014244361972058571
0.015751987873315117
0.021725252272949264
0.03627556765582517
0.031189556234109937
0.021940221440944055
0.019060475508044294
0.018128172179263245
0.018311285029558873
0.02004481588059645
0.052083828257236654
0.01868689135513395
0.02996362047249053
0.03931268082588671
0.048545531504909124
0.037374525951391874
0.013539337267561012
0.017415626787448815
0.013543482385585377
0.03279693224696686
0.015588104529020416
0.038141162937275264
0.020247288768279248
0.019451449443392613
0.014101918352337971
0.012625986959281235
0.016070177218255155
0.01831128502955884
0.021288574923926593
0.017413849863993282
0.008967756134472718
0.02045389375571068
0.03280027887270633
0.008029191927881747
0.020660498743142127
0.022614122285038226
0.02792520282975204
0.016066898092166985
0.02996667798478365
0.04092112535126813
0.04303441553421871
0.022618737647500848
0.018869870752963862
0.03591281197926691
0.013138545942541604