0.004135282149476735
0.0006441288374004138
0.0013022260384720336
0.0027949064250339293
0.0047629849846191445
0.001483225822127319
0.0005943664672392563
0.001225644729601568
0.003558043297895028
0.0018693319504121397
0.001342224323306571
0.003029523615884764
0.0029992283797259183
0.0051612315346711455
0.0013831688743523166
0.005057490833484498
0.0024275678065513746
0.0005268374448162367
0.0013548141240872203
0.001640880293249294
0.0014545998816484298
0.001074866265311243
0.0033166672652251822
0.004094773437121761
0.0018325061682154123
0.0022402538878709215
0.0005266762009554455
0.0032824887738684134
0.00020083184132992318
0.0032828305929638864
0.001592306971384772
0.0007053244386942367
0.002606098871941822
0.002088063019398401
0.0002358441688982212
0.007560096175506491
0.002088276087053437
0.0038559347123647563
0.0006380780695855243
0.009720570825841547
0.006569812653368355
0.00027704521683279636
0.00397477651524481
0.0005710613871705081
0.0018887921750313501
0.0027398468540220378
0.002503152754302371
0.009245109416982181
0.001907092359673552
0.003350510808747898
0.002218077660354354
0.002527147501426092
0.0014108179241863021
0.00022181615639162166
0.0013153798368404374
0.00065090079532726
0.0017080154992194048
0.0003937185754484291
0.0008884776668451046
0.0013147089300723754
0.001624803032025277
0.0007195719560820906
0.001742872958387148
0.002881046814643479
0.00019281986789976833
0.0007493183900373776
0.012250982520603623
0.0013543966348152532
0.001226395315787253
0.0006315683908052462

